#include "points.h"
float chassis_xpos[200] = {
4.600000,4.599960,4.599840,4.599640,4.599360,4.599000,4.598560,4.598040,4.597440,4.596760,4.596000,
4.595160,4.594240,4.593240,4.592160,4.591000,4.589760,4.588440,4.587040,4.585560,4.584000,
4.582360,4.580640,4.578840,4.576960,4.575000,4.572960,4.570840,4.568640,4.566360,4.564000,
4.561560,4.559040,4.556440,4.553760,4.551000,4.548160,4.545240,4.542240,4.539160,4.536000,
4.532760,4.529440,4.526040,4.522560,4.519000,4.515360,4.511640,4.507840,4.503960,4.500000,
4.495960,4.491839,4.487639,4.483360,4.479000,4.474560,4.470040,4.465440,4.460760,4.456000,
4.451160,4.446239,4.441240,4.436160,4.431000,4.425760,4.420440,4.415040,4.409560,4.404000,
4.398360,4.392640,4.386840,4.380960,4.375000,4.368960,4.362840,4.356640,4.350360,4.344000,
4.337560,4.331040,4.324440,4.317760,4.311000,4.304160,4.297240,4.290240,4.283160,4.276000,
4.268760,4.261440,4.254040,4.246560,4.239000,4.231360,4.223640,4.215840,4.207960,4.200000,
4.191960,4.183840,4.175640,4.167360,4.159000,4.150559,4.142040,4.133440,4.124760,4.116000,
4.107160,4.098240,4.089240,4.080160,4.071000,4.061760,4.052440,4.043040,4.033560,4.024000,
4.014360,4.004640,3.994840,3.984960,3.975000,3.964960,3.954840,3.944640,3.934360,3.924000,
3.913560,3.903040,3.892440,3.881760,3.871000,3.860160,3.849240,3.838240,3.827160,3.816000,
3.804760,3.793440,3.782040,3.770560,3.759000,3.747360,3.735640,3.723840,3.711960,3.700000,
3.687960,3.675840,3.663640,3.651360,3.639000,3.626560,3.614040,3.601440,3.588760,3.576000,
3.563160,3.550240,3.537240,3.524160,3.511000,3.497761,3.484440,3.471040,3.457561,3.444000,
3.430361,3.416641,3.402841,3.388961,3.375000,3.360961,3.346841,3.332641,3.318361,3.304001,
3.289561,3.275041,3.260441,3.245761,3.231001,3.216161,3.201241,3.186241,3.171161,3.156001,
3.140761,3.125441,3.110041,3.094561,3.079001,3.063361,3.047641,3.031841,3.015961};
float chassis_ypos[200] = {
1.000000,1.047375,1.094500,1.141375,1.188000,1.234375,1.280500,1.326375,1.372000,1.417375,1.462500,
1.507375,1.552000,1.596375,1.640500,1.684375,1.728000,1.771375,1.814500,1.857375,1.900000,
1.942375,1.984500,2.026375,2.068000,2.109375,2.150500,2.191375,2.232000,2.272375,2.312500,
2.352375,2.392000,2.431375,2.470500,2.509375,2.548000,2.586375,2.624500,2.662374,2.700000,
2.737375,2.774499,2.811375,2.847999,2.884374,2.920499,2.956374,2.991999,3.027374,3.062499,
3.097374,3.131999,3.166374,3.200499,3.234374,3.267999,3.301374,3.334499,3.367374,3.399999,
3.432374,3.464499,3.496374,3.527999,3.559374,3.590499,3.621374,3.651999,3.682374,3.712499,
3.742374,3.771999,3.801374,3.830499,3.859374,3.887999,3.916374,3.944499,3.972374,3.999999,
4.027374,4.054499,4.081374,4.107998,4.134374,4.160499,4.186374,4.211998,4.237373,4.262498,
4.287374,4.311998,4.336374,4.360498,4.384374,4.407999,4.431374,4.454499,4.477374,4.500000,
4.522375,4.544500,4.566375,4.588000,4.609375,4.630500,4.651375,4.672000,4.692375,4.712500,
4.732375,4.752000,4.771375,4.790500,4.809375,4.828000,4.846375,4.864500,4.882375,4.900000,
4.917375,4.934500,4.951375,4.968000,4.984375,5.000500,5.016375,5.032000,5.047375,5.062500,
5.077375,5.092000,5.106375,5.120500,5.134375,5.148000,5.161375,5.174500,5.187375,5.200000,
5.212375,5.224500,5.236375,5.248000,5.259375,5.270500,5.281375,5.292000,5.302375,5.312500,
5.322375,5.332000,5.341375,5.350500,5.359375,5.368000,5.376375,5.384500,5.392375,5.400000,
5.407375,5.414500,5.421375,5.428000,5.434375,5.440500,5.446375,5.452000,5.457375,5.462500,
5.467375,5.472000,5.476375,5.480500,5.484375,5.488000,5.491375,5.494500,5.497375,5.500000,
5.502375,5.504500,5.506375,5.508000,5.509375,5.510500,5.511375,5.512000,5.512375,5.512500,
5.512375,5.512000,5.511375,5.510500,5.509375,5.508000,5.506375,5.504500,5.502375};
float chassis_speed_dir[200] = {
1.571642,1.571642,1.573346,1.575059,1.576800,1.578559,1.580338,1.582126,1.583954,1.585781,1.587639,
1.589506,1.591416,1.593326,1.595268,1.597221,1.599218,1.601217,1.603248,1.605304,1.607383,
1.609475,1.611603,1.613756,1.615923,1.618139,1.620359,1.622616,1.624901,1.627201,1.629554,
1.631911,1.634309,1.636725,1.639184,1.641685,1.644193,1.646732,1.649330,1.651936,1.654586,
1.657259,1.659993,1.662748,1.665529,1.668357,1.671211,1.674115,1.677072,1.680029,1.683066,
1.686131,1.689239,1.692375,1.695555,1.698807,1.702077,1.705406,1.708784,1.712208,1.715668,
1.719193,1.722781,1.726381,1.730075,1.733795,1.737584,1.741431,1.745337,1.749282,1.753303,
1.757389,1.761533,1.765729,1.770003,1.774344,1.778753,1.783233,1.787765,1.792387,1.797081,
1.801836,1.806700,1.811608,1.816618,1.821700,1.826858,1.832132,1.837445,1.842895,1.848419,
1.854018,1.859736,1.865540,1.871459,1.877445,1.883565,1.889803,1.896093,1.902556,1.909088,
1.915755,1.922546,1.929443,1.936458,1.943617,1.950910,1.958289,1.965862,1.973494,1.981362,
1.989303,1.997398,2.005672,2.014035,2.022613,2.031326,2.040188,2.049244,2.058434,2.067791,
2.077322,2.087047,2.096936,2.107019,2.117240,2.127690,2.138320,2.149138,2.160150,2.171352,
2.182769,2.194366,2.206176,2.218197,2.230425,2.242849,2.255468,2.268365,2.281382,2.294684,
2.308174,2.321866,2.335782,2.349900,2.364292,2.378812,2.393562,2.408541,2.423712,2.439085,
2.454680,2.470436,2.486383,2.502548,2.518844,2.535382,2.552018,2.568833,2.585829,2.602961,
2.620234,2.637632,2.655133,2.672745,2.690494,2.708297,2.726192,2.744165,2.762148,2.780267,
2.798323,2.816468,2.834586,2.852677,2.870847,2.888921,2.906970,2.924962,2.942958,2.960760,
2.978600,2.996258,3.013840,3.031372,3.048692,3.065938,3.083014,3.099972,3.116712,3.133321,
-3.133364,-3.117133,-3.101022,-3.085128,-3.069427,-3.053890,-3.038584,-3.023477,-3.008579};
